   2   1   1 E -1.6895304828761E+04 DE 8.1E-08( 17)
  0.112395088689E+02  0.000000000000E+00  0.000000000000E+00
 -0.561975443442E+01  0.973370020650E+01  0.000000000000E+00
  0.000000000000E+00  0.000000000000E+00  0.500000000000E+03
    6
  0.100000000000E+01  0.000000000000E+00  0.000000000000E+00
  0.000000000000E+00  0.100000000000E+01  0.000000000000E+00
  0.000000000000E+00  0.000000000000E+00  0.100000000000E+01
  0.000000000000E+00  0.000000000000E+00  0.000000000000E+00
 -0.500000000000E+00  0.866025403784E+00  0.141717405057E-15
 -0.866025403784E+00 -0.500000000000E+00 -0.284356865692E-15
  0.151454228565E-16 -0.874421396319E-17  0.100000000000E+01
  0.000000000000E+00  0.000000000000E+00  0.000000000000E+00
 -0.500000000000E+00 -0.866025403784E+00  0.481930624132E-17
  0.866025403784E+00 -0.500000000000E+00 -0.126520065681E-15
 -0.151454228565E-16  0.874421396319E-17  0.100000000000E+01
  0.000000000000E+00  0.000000000000E+00  0.000000000000E+00
  0.500000000000E+00  0.866025403784E+00  0.248327894418E-15
  0.866025403784E+00 -0.500000000000E+00 -0.126520065681E-15
 -0.151454228565E-16  0.874421396319E-17  0.100000000000E+01
  0.000000000000E+00  0.000000000000E+00  0.000000000000E+00
 -0.100000000000E+01  0.833251346660E-16  0.481930624132E-17
  0.107094312058E-16  0.100000000000E+01 -0.154977632187E-16
  0.151454228565E-16 -0.874421396319E-17  0.100000000000E+01
  0.000000000000E+00  0.000000000000E+00  0.000000000000E+00
  0.500000000000E+00 -0.866025403784E+00  0.192082835828E-16
 -0.866025403784E+00 -0.500000000000E+00 -0.284356865692E-15
  0.151454228565E-16  0.262326418896E-16  0.100000000000E+01
  0.000000000000E+00  0.000000000000E+00  0.000000000000E+00
   81
    8     -1.873251478143      1.081522245167      4.089120503632
    8     -3.746502956283      4.326088980667      4.089120503632
    8     -0.000000000003     -2.163044490333      4.089120503632
    8      1.873251478147      1.081522245167      4.089120503632
    8      0.000000000007      4.326088980667      4.089120503632
    8      3.746502956287     -2.163044490333      4.089120503632
    8     -5.619754434433      1.081522245167      4.089120503632
    8     -7.493005912573      4.326088980667      4.089120503632
    8     -3.746502956293     -2.163044490333      4.089120503632
  258      1.873251478143     -1.081522245167      3.249093930743
  258      0.000000000003      2.163044490333      3.249093930743
  258      3.746502956283     -4.326088980667      3.249093930743
  258      5.619754434433     -1.081522245167      3.249093930743
  258      3.746502956293      2.163044490333      3.249093930743
  258      7.493005912573     -4.326088980667      3.249093930743
  258     -1.873251478147     -1.081522245167      3.249093930743
  258     -3.746502956287      2.163044490333      3.249093930743
  258     -0.000000000007     -4.326088980667      3.249093930743
    8      0.000000000000     -0.000000000000      2.429312747361
    8     -1.873251478140      3.244566735500      2.429312747361
    8      1.873251478140     -3.244566735500      2.429312747361
    8      3.746502956290     -0.000000000000      2.429312747361
    8      1.873251478150      3.244566735500      2.429312747361
    8      5.619754434430     -3.244566735500      2.429312747361
    8     -3.746502956290     -0.000000000000      2.429312747361
    8     -5.619754434430      3.244566735500      2.429312747361
    8     -1.873251478150     -3.244566735500      2.429312747361
    8      1.873251478143     -1.081522245167      0.880225417252
    8      0.000000000003      2.163044490333      0.880225417252
    8      3.746502956283     -4.326088980667      0.880225417252
    8      5.619754434433     -1.081522245167      0.880225417252
    8      3.746502956293      2.163044490333      0.880225417252
    8      7.493005912573     -4.326088980667      0.880225417252
    8     -1.873251478147     -1.081522245167      0.880225417252
    8     -3.746502956287      2.163044490333      0.880225417252
    8     -0.000000000007     -4.326088980667      0.880225417252
  258     -0.000000000000      0.000000000000      0.052906245116
  258     -1.873251478140      3.244566735500      0.052906245116
  258      1.873251478140     -3.244566735500      0.052906245116
  258      3.746502956290      0.000000000000      0.052906245116
  258      1.873251478150      3.244566735500      0.052906245116
  258      5.619754434430     -3.244566735500      0.052906245116
  258     -3.746502956290      0.000000000000      0.052906245116
  258     -5.619754434430      3.244566735500      0.052906245116
  258     -1.873251478150     -3.244566735500      0.052906245116
    8     -1.873251478143      1.081522245167     -0.764858771806
    8     -3.746502956283      4.326088980667     -0.764858771806
    8     -0.000000000003     -2.163044490333     -0.764858771806
    8      1.873251478147      1.081522245167     -0.764858771806
    8      0.000000000007      4.326088980667     -0.764858771806
    8      3.746502956287     -2.163044490333     -0.764858771806
    8     -5.619754434433      1.081522245167     -0.764858771806
    8     -7.493005912573      4.326088980667     -0.764858771806
    8     -3.746502956293     -2.163044490333     -0.764858771806
    8     -0.000000000000      0.000000000000     -2.343480358560
    8     -1.873251478140      3.244566735500     -2.343480358560
    8      1.873251478140     -3.244566735500     -2.343480358560
    8      3.746502956290      0.000000000000     -2.343480358560
    8      1.873251478150      3.244566735500     -2.343480358560
    8      5.619754434430     -3.244566735500     -2.343480358560
    8     -3.746502956290      0.000000000000     -2.343480358560
    8     -5.619754434430      3.244566735500     -2.343480358560
    8     -1.873251478150     -3.244566735500     -2.343480358560
  258     -1.873251478143      1.081522245167     -3.124640478080
  258     -3.746502956283      4.326088980667     -3.124640478080
  258     -0.000000000003     -2.163044490333     -3.124640478080
  258      1.873251478147      1.081522245167     -3.124640478080
  258      0.000000000007      4.326088980667     -3.124640478080
  258      3.746502956287     -2.163044490333     -3.124640478080
  258     -5.619754434433      1.081522245167     -3.124640478080
  258     -7.493005912573      4.326088980667     -3.124640478080
  258     -3.746502956293     -2.163044490333     -3.124640478080
    8      1.873251478143     -1.081522245167     -3.905800597599
    8      0.000000000003      2.163044490333     -3.905800597599
    8      3.746502956283     -4.326088980667     -3.905800597599
    8      5.619754434433     -1.081522245167     -3.905800597599
    8      3.746502956293      2.163044490333     -3.905800597599
    8      7.493005912573     -4.326088980667     -3.905800597599
    8     -1.873251478147     -1.081522245167     -3.905800597599
    8     -3.746502956287      2.163044490333     -3.905800597599
    8     -0.000000000007     -4.326088980667     -3.905800597599
    0    0
